46.078317,11.046924
46.078581,11.047541
46.044406,11.105342
46.134620,11.110914
46.085226,11.069313
46.102485,11.124174
46.102234,11.123940
46.067367,11.165050
46.088630,11.065018
46.088729,11.064509
46.099170,11.109314
46.103846,11.108235
46.091584,11.105652
46.047972,11.137456
46.047681,11.137741
46.078904,11.153473
46.078863,11.153929
46.080613,11.158419
46.080472,11.158403
46.076472,11.141513
46.075911,11.146833
46.076012,11.146613
46.075332,11.139033
46.075696,11.140797
46.075623,11.141786
46.075433,11.138833
46.075698,11.143991
46.075853,11.144062
46.077564,11.151102
46.078007,11.151432
46.076123,11.101184
46.078759,11.118392
46.124481,11.133818
46.129889,11.134571
46.129522,11.134680
46.084969,11.070113
46.055265,11.148982
46.055310,11.148782
46.117195,11.108678
46.117171,11.108438
46.111144,11.109544
46.110834,11.109573
46.106559,11.111466
46.106678,11.111444
46.108340,11.111719
46.108506,11.111436
46.101856,11.103284
46.099689,11.107570
46.103934,11.117583
46.106686,11.114327
46.106749,11.114389
46.104204,11.117281
46.113805,11.107364
46.113682,11.107300
46.106227,11.109072
46.130109,11.126043
46.128445,11.129219
46.128599,11.129270
46.130190,11.125945
46.045800,11.151130
46.043392,11.151716
46.043502,11.151592
46.119309,11.106123
46.125715,11.107713
46.125960,11.107593
46.129241,11.109763
46.074848,11.124976
46.138664,11.108989
46.137921,11.114458
46.139321,11.111958
46.142197,11.108508
46.143164,11.106402
46.094611,11.120675
46.093993,11.120699
46.102271,11.118109
46.097274,11.119767
46.099443,11.119089
46.100104,11.118730
46.097239,11.119901
46.042500,11.132908
46.036416,11.130367
46.025284,11.132751
46.025707,11.132791
46.038012,11.130695
46.034256,11.131509
46.040293,11.130341
46.030862,11.132677
46.030338,11.132911
46.089121,11.133090
46.089134,11.133216
46.088732,11.130604
46.083189,11.135736
46.083255,11.135874
46.090240,11.131628
46.090275,11.131460
46.089343,11.131031
46.097726,11.126962
46.097493,11.126925
46.094491,11.130145
46.094872,11.129322
46.068953,11.063564
46.104391,11.123568
46.104353,11.123420
46.032355,11.112678
46.032555,11.112930
46.006903,11.128338
46.012407,11.130564
46.011659,11.130375
46.013560,11.131498
46.017244,11.132399
46.017362,11.132609
46.006454,11.127627
46.009394,11.128820
46.009380,11.128974
46.003128,11.126824
46.128303,11.115281
46.127538,11.115265
46.126690,11.114532
46.130755,11.121750
46.130836,11.121666
46.128279,11.120267
46.128310,11.119721
46.125736,11.118419
46.125483,11.118320
46.119858,11.111416
46.119812,11.111266
46.122688,11.116846
46.123624,11.116855
46.124939,11.113463
46.124718,11.113018
46.067391,11.138805
46.067198,11.139497
46.064947,11.141689
46.065068,11.141726
46.065698,11.146418
46.065746,11.146326
46.108340,11.142765
46.109439,11.139972
46.109508,11.140097
46.106288,11.137610
46.106524,11.137306
46.110418,11.138435
46.110776,11.138074
46.080499,11.098333
46.052092,11.146621
46.052181,11.146486
46.072808,11.161957
46.076802,11.119114
46.072304,11.120426
46.067600,11.121798
46.065221,11.123271
46.066776,11.126346
46.062137,11.132764
46.062292,11.132772
46.077292,11.111111
46.070808,11.112292
46.070494,11.111383
46.047739,11.113564
46.069352,11.138957
46.069523,11.140201
46.069865,11.128221
46.070179,11.128083
46.070164,11.127890
46.067264,11.160937
46.067264,11.160807
46.065663,11.159678
46.065594,11.159530
46.064162,11.152006
46.063862,11.151912
46.066291,11.156494
46.065806,11.154617
46.065955,11.154596
46.063289,11.150005
46.063316,11.150209
46.065442,11.157973
46.065632,11.157936
46.039165,11.111935
46.039202,11.112293
46.037329,11.114043
46.037940,11.114062
46.037726,11.107755
46.037878,11.108509
46.041292,11.106159
46.041001,11.106237
46.043295,11.112317
46.041069,11.113117
46.071711,11.121389
46.020174,11.110857
46.019954,11.110897
46.015323,11.107087
46.014633,11.106836
46.014689,11.105064
46.017751,11.105818
46.012857,11.105449
46.012091,11.104952
46.016782,11.108221
46.016488,11.108269
46.101271,11.101583
46.120242,11.105822
46.062029,11.151722
46.062016,11.150851
46.050720,11.130389
46.050943,11.130473
46.071656,11.138308
46.072152,11.138406
46.070879,11.139532
46.134588,11.111690
46.137885,11.118354
46.038541,11.145521
46.036364,11.146158
46.074103,11.135256
46.071317,11.059207
46.075572,11.058469
46.075783,11.058721
46.075836,11.056024
46.075950,11.055788
46.067706,11.061545
46.071151,11.059520
46.069103,11.056869
46.069730,11.057698
46.121729,11.089889
46.118504,11.096131
46.118550,11.096708
46.118623,11.092766
46.118581,11.092616
46.069294,11.161412
46.069214,11.161151
46.083258,11.063955
46.083094,11.063877
46.071917,11.119568
46.081448,11.154819
46.081538,11.154897
46.081815,11.157965
46.082026,11.158507
46.080906,11.157521
46.081266,11.155969
46.082085,11.102047
46.078955,11.103563
46.078841,11.103473
46.098861,11.112925
46.104288,11.112963
46.106560,11.112346
46.059853,11.132395
46.107233,11.103861
46.107384,11.101204
46.107331,11.100406
46.051409,11.117370
46.050987,11.117056
46.046952,11.115704
46.047147,11.115661
46.076743,11.123158
46.073284,11.115482
46.076220,11.115030
46.050242,11.137200
46.053348,11.136344
46.053209,11.136495
46.049550,11.137273
46.070312,11.126964
46.071906,11.126021
46.064329,11.129974
46.077059,11.131773
46.082132,11.127158
46.081762,11.126874
46.040477,11.135351
46.040082,11.135431
46.058467,11.119271
46.058155,11.131199
46.130819,11.110121
46.108369,11.108528
46.116062,11.106197
46.098985,11.111739
46.102643,11.110490
46.100264,11.111578
46.091361,11.115392
46.091461,11.115591
46.082901,11.120503
46.077969,11.123274
46.083720,11.119823
46.089442,11.116527
46.079982,11.122133
46.079590,11.122150
46.086479,11.118447
46.065346,11.128400
46.066833,11.122735
46.097530,11.102648
46.094476,11.105228
46.094431,11.105006
46.074170,11.128506
46.074158,11.128327
46.086271,11.129177
46.087137,11.129668
46.039645,11.140944
46.039406,11.140409
46.039365,11.137717
46.039883,11.137453
46.050201,11.124017
46.051099,11.123052
46.043178,11.129229
46.042977,11.129678
46.045116,11.127949
46.045242,11.128108
46.048203,11.126520
46.048680,11.126247
46.062490,11.127802
46.062506,11.127984
46.048131,11.143328
46.092274,11.132622
46.092513,11.132436
46.083356,11.127848
46.083311,11.127683
46.074597,11.113358
46.073022,11.114843
46.076974,11.114129
46.076988,11.118892
46.077461,11.116749
46.048733,11.128986
46.056279,11.130465
46.055966,11.129610
46.039534,11.144070
46.068182,11.125504
46.051689,11.124402
46.058389,11.133087
46.056275,11.116062
46.053228,11.116716
46.065485,11.131892
46.060364,11.118908
46.061394,11.119040
46.054910,11.133806
46.055618,11.132178
46.059882,11.131327
46.053319,11.125589
46.052678,11.128127
46.067096,11.128810
46.091986,11.119080
46.091235,11.119268
46.092703,11.119936
46.082766,11.114831
46.091714,11.107510
46.091591,11.107450
46.085771,11.112487
46.085490,11.112579
46.080928,11.116577
46.080800,11.116529
46.089720,11.109149
46.090562,11.108259
46.082853,11.114968
46.087721,11.110915
46.087847,11.110579
46.069881,11.122470
46.084413,11.121323
46.084543,11.121732
46.046672,11.148788
46.046549,11.149058
46.050678,11.148464
46.050736,11.148327
46.058838,11.122521
46.038222,11.134508
46.040449,11.131690
46.040107,11.132070
46.038106,11.134135
46.060791,11.127602
46.060723,11.127671
46.078342,11.127457
46.075587,11.128243
46.076150,11.128131
46.078671,11.127111
46.057153,11.115163
46.056966,11.118125
46.053728,11.118206
46.078744,11.117589
46.068847,11.119927
46.060030,11.133381
46.060903,11.124400
46.064151,11.127563
46.072993,11.122651
46.064185,11.119431
46.063745,11.119596
46.067846,11.118867
46.068100,11.118642
46.062231,11.123671
46.062181,11.123931
46.067075,11.126226
46.069404,11.124511
46.056396,11.119944
46.056862,11.119124
46.053951,11.120497
46.053806,11.120736
46.052351,11.112016
46.051036,11.111609
46.075601,11.122399
46.074211,11.121460
46.085489,11.122562
46.085516,11.122391
46.089937,11.120942
46.090005,11.120776
46.087985,11.121274
46.087571,11.121354
46.105677,11.107554
46.105613,11.107590
46.106505,11.105512
46.073381,11.107449
46.073309,11.107377
46.071055,11.109691
46.070912,11.109660
46.076202,11.105081
46.076061,11.105187
46.075206,11.107949
46.075132,11.107771
46.028867,11.111521
46.029290,11.111771
46.105159,11.100565
46.070658,11.122787
46.064556,11.120926
46.095248,11.116986
46.057772,11.119307
46.058577,11.123837
46.057597,11.117583
46.057417,11.117430
46.066609,11.131484
46.066491,11.132676
46.068570,11.136388
46.069162,11.136348
46.061670,11.135931
46.061778,11.135821
46.092337,11.116358
46.056510,11.128372
46.056407,11.128667
46.043574,11.131166
46.042589,11.131405
46.047815,11.130991
46.052915,11.129683
46.052746,11.129880
46.048048,11.131243
46.059292,11.126670
46.133302,11.132599
46.133567,11.132452
46.131626,11.134225
46.132010,11.134083
46.130605,11.130767
46.130546,11.130630
46.043515,11.149665
46.043654,11.149738
46.043856,11.140566
46.043867,11.140230
46.086139,11.160226
46.084032,11.162655
46.084634,11.163253
46.049549,11.144079
46.048986,11.145976
46.049116,11.146036
46.047513,11.142278
46.041088,11.140552
46.080366,11.138214
46.079984,11.138881
46.118326,11.100624
46.118172,11.100941
46.118118,11.103691
46.118028,11.103638
46.117796,11.094285
46.117695,11.094346
46.059417,11.126263
46.126522,11.116682
45.896138,11.043343
45.895066,11.043410
45.893031,11.043616
45.892816,11.043904
45.890963,11.037817
45.890870,11.042857
45.890973,11.041257
45.890883,11.038010
45.882487,11.040492
45.875566,11.034071
45.881066,11.039620
45.887155,11.050411
45.887187,11.051160
45.925520,11.052173
45.925390,11.053592
45.897990,11.045512
45.884218,11.072911
45.882087,11.071643
45.847835,11.011731
45.844005,11.008643
45.841765,11.007816
45.840118,11.009468
45.836852,11.011188
45.840222,11.009563
45.841469,11.008281
45.843767,11.008609
45.847568,11.011566
45.912139,11.025272
45.912212,11.025262
45.927892,11.076793
45.928891,11.072085
45.890189,11.034270
45.890685,11.034009
45.895510,11.029591
45.895699,11.028855
45.883438,11.040503
45.883616,11.040937
45.883923,11.021153
45.883838,11.020771
45.890071,11.043906
45.886586,11.045629
45.888708,11.045294
45.922256,11.033881
45.922219,11.033932
45.926469,11.045297
45.926386,11.045658
45.926343,11.042440
45.926217,11.042436
45.908213,11.040563
45.910990,11.040806
45.908078,11.040657
45.882063,11.071733
45.887518,11.059253
45.887439,11.059541
45.886995,11.063902
45.884263,11.070323
45.884371,11.069842
45.886988,11.063994
45.884696,11.069650
45.866956,11.030832
45.855085,11.018587
45.867259,11.030840
45.870236,11.031119
45.870623,11.031133
45.875522,11.031822
45.875686,11.032030
45.896521,11.040654
45.882042,11.038360
45.881993,11.038495
45.878072,11.033318
45.879617,11.035043
45.879709,11.035212
45.877921,11.033242
45.887219,11.034767
45.887151,11.038130
45.887293,11.034164
45.887117,11.038372
45.890279,11.035658
45.889592,11.040460
45.885880,11.040399
45.886067,11.040305
45.891067,11.047189
45.891046,11.047336
45.890313,11.050118
45.890265,11.050139
45.899638,11.044451
45.884855,11.038586
45.907026,11.043154
45.893369,11.036067
45.893369,11.036193
45.894967,11.032631
45.894961,11.032738
45.892237,11.039370
45.893116,11.040065
45.891332,11.040106
45.887465,11.024942
45.887211,11.030668
45.887266,11.030142
45.887505,11.024737
45.893666,11.030581
45.903785,11.045042
45.901372,11.046220
45.904569,11.042576
45.888163,11.036728
45.888111,11.036707
45.891328,11.034569
45.907669,11.043757
45.885236,11.023282
45.885564,11.023170
45.890465,11.032705
45.891013,11.032714
45.899562,11.042141
45.899616,11.042207
45.901770,11.041487
45.901722,11.041666
45.906610,11.040104
45.906689,11.040210
45.885459,11.025871
45.886441,11.029403
45.885252,11.025383
45.886286,11.029023
45.864490,11.029338
45.914559,11.034087
45.914750,11.033819
45.917108,11.028806
45.917136,11.028755
45.912508,11.031747
45.886658,11.034356
45.893135,11.037613
45.896472,11.036768
45.899597,11.037398
45.865476,11.010393
45.871736,11.020685
45.866718,11.023454
45.863613,11.027012
45.884661,11.042935
45.891265,11.035482
45.885721,11.025832
45.886239,11.021005
45.860058,11.005383
45.894308,11.032788
46.091075,11.117774
46.072592,11.119949
45.881211,11.077472
45.881441,11.077608
45.902185,11.020153
45.902219,11.020270
45.900719,11.020254
45.900853,11.020410
45.885720,11.076344
45.885630,11.076356
45.882386,11.076318
45.882347,11.076349
45.923356,11.007702
45.883094,11.086350
45.883158,11.086399
45.881541,11.010793
45.881500,11.010729
45.887066,11.001261
45.887214,11.001313
45.887566,11.010587
45.887771,11.010711
45.888588,11.011862
45.888491,11.011704
45.885334,11.009152
45.885224,11.009125
45.878491,10.992327
45.895859,11.015489
45.895743,11.015472
45.882809,11.079507
45.882917,11.079470
45.894865,11.086017
45.855439,10.986616
45.855393,10.986692
45.851666,10.978853
45.851720,10.977892
45.853043,10.975311
45.851716,10.979141
45.853419,10.970185
45.854286,10.972109
45.911090,11.012496
45.910988,11.012480
45.912062,11.023051
45.911989,11.023088
45.910710,11.019922
45.911742,11.021481
45.909569,11.022535
45.909320,11.022346
45.915558,11.027715
45.915352,11.027845
45.883717,11.069234
45.883665,11.070377
45.902767,11.000423
45.922625,11.020454
45.918006,11.019786
45.917890,11.019717
45.884058,11.017995
45.860012,10.991223
45.861992,11.000505
45.861835,11.000757
45.891169,11.007340
45.891587,11.007136
45.910932,11.042030
45.909897,11.041744
45.913169,11.044680
45.913089,11.044657
45.924877,11.021092
45.931009,11.022102
45.931416,11.022116
45.924981,11.021093
45.868678,11.014119
45.868802,11.014170
45.858843,10.990640
45.870320,11.016768
45.870588,11.017358
45.895428,11.067237
45.895205,11.067408
45.846341,10.951531
45.904055,11.013671
45.904012,11.013554
45.877509,11.089407
45.845557,10.979812
45.847813,10.977934
45.847758,10.983715
45.897923,11.061752
45.886200,11.019384
45.884868,11.017591
45.898720,11.044443
45.884259,11.020421
45.884341,11.068686
45.910398,11.039909
45.910879,11.039811
45.901706,11.046261
45.904524,11.044655
45.886140,11.065260
45.885561,11.059525
45.868365,11.022470
45.866295,11.023867
45.871749,11.020845
45.917709,11.033243
45.917520,11.033502
45.916175,11.034150
45.916240,11.034113
45.917871,11.064024
45.917904,11.063866
45.917155,11.069927
45.917486,11.057512
45.916494,11.057177
45.891310,11.065552
45.891281,11.065714
45.914954,11.025570
45.888337,11.019067
45.925820,11.047490
45.925107,11.048121
45.913939,11.021211
45.957515,11.032165
45.951091,11.023207
45.948219,11.015835
45.936511,11.008597
45.930910,11.007172
45.923278,11.007616
45.930864,11.007233
45.935890,11.008594
45.947490,11.014818
45.951042,11.023398
45.914136,11.021270
46.063369,11.133421
46.064822,11.135627
46.065677,11.132418
46.129006,11.115500
46.095023,11.116759
46.092561,11.118580
46.091124,11.117966
46.092507,11.116291
46.127448,11.116520
46.092618,11.120549
45.867441,11.031932
45.866422,11.032697
45.866722,11.034907
45.869441,11.033808
46.014314,11.104351
46.064770,11.122471
46.052906,11.117029
46.056336,11.116202
46.075042,11.109713
46.070352,11.119107
46.057088,11.113414
46.077383,11.111236
46.108623,11.108717
46.112409,11.107438
45.893565,11.030778
46.100730,11.101790
46.105166,11.100786
46.070045,11.116683
46.041328,11.140680
46.070304,11.117242
46.057694,11.112580
46.063334,11.113227
46.065846,11.114266
46.073516,11.105355
46.040974,11.110975
46.103288,11.110545
46.119113,11.105302
46.122767,11.103337
46.124931,11.099736
46.123666,11.097351
46.115041,11.101844
46.110069,11.105486
46.107991,11.105394
46.113907,11.110614
46.113885,11.111224
46.051139,11.114415
46.121491,11.106413
45.895243,11.052060
45.899926,11.054673
45.901613,11.055394
45.899767,11.054287
45.895243,11.051973
45.891091,11.049783
45.891342,11.049818
46.078491,11.058290
46.078730,11.058131
46.073335,11.105639
46.089853,11.118524
46.086557,11.120064
46.064013,11.150940
46.100115,11.099708
46.097544,11.102220
45.877270,11.035963
46.045489,11.113301
46.045520,11.113603
46.049487,11.143843
46.077367,11.099792
46.066953,11.059509
46.132987,11.133921
45.851519,10.972511
46.076326,11.141355
46.076656,11.130377
45.897970,11.061612
45.884401,11.072918
45.881281,11.075365
45.885459,11.009157
45.853961,11.015507
45.853465,11.014536
45.863191,10.997289
45.863235,10.997355
46.066496,11.117759
46.134118,11.128307
46.130582,11.126162
46.067613,11.184700
46.068317,11.178756
46.070701,11.176484
46.067996,11.175565
46.065719,11.172233
46.066125,11.168745
46.067180,11.165118
46.066010,11.168863
46.065674,11.172380
46.067908,11.175717
46.068202,11.178588
46.045763,11.130821
46.045691,11.131061
45.864859,11.017764
45.863141,11.020959
45.912479,11.031904
45.891517,11.041681
46.065613,11.158009
45.897940,11.002067
45.897942,11.002101
46.101253,11.112956
46.120499,11.091086
46.120567,11.091220
46.044826,11.122297
46.038207,11.124589
46.041683,11.123711
46.073078,11.128449
46.071422,11.130842
46.069880,11.131249
46.068141,11.129681
45.889813,11.037087
45.901390,11.038899
45.901288,11.040122
46.071816,11.121974
46.065586,11.150448
46.067312,11.150548
45.885396,11.009290
46.044757,11.139690
46.044754,11.139437
46.045458,11.138553
46.045465,11.138353
45.902739,11.038737
45.864206,11.029050
46.041779,11.142383
45.892216,11.033020
45.893524,11.027404
45.888721,11.024219
46.073694,11.114481
46.106159,11.110842
45.884493,11.039114
45.877392,10.991755
45.877342,10.991623
45.884029,11.070128
45.884931,11.023892
46.072466,11.129920
45.938008,11.056056
45.914889,11.025888
46.115344,11.117269
46.114494,11.116634
46.128251,11.134574
45.888575,11.024197
45.904014,11.042310
45.879247,11.023765
46.078668,11.099302
45.891201,11.040400
46.121548,11.095251
46.121743,11.094961
46.125601,11.098331
46.125804,11.098199
46.119922,11.096500
46.120114,11.096203
46.117160,11.092520
46.117016,11.092579
46.127009,11.096719
46.111101,11.090984
46.110805,11.090865
46.101701,11.094567
46.102220,11.094390
46.106413,11.092253
46.105950,11.092154
46.108238,11.091600
46.108308,11.091777
46.123624,11.097440
45.922564,11.020236
46.081292,11.102659
45.920748,11.032004
45.920286,11.031888
45.913238,11.037377
45.913174,11.037349
45.872760,11.024323
46.046974,11.126860
45.926062,11.005714
46.009941,11.128458
46.005440,11.126382
45.886680,11.020121
46.103456,11.100248
46.122659,11.092019
46.063947,11.150560
46.068355,11.150480
45.854392,10.972143
45.853340,10.970030
45.850031,10.981009
45.888336,11.018627
45.851921,10.972036
45.895096,11.057074
46.113189,11.090141
46.113223,11.090363
45.896064,11.030964
45.884804,11.023960
46.067348,11.150372
45.931773,11.092114
45.931764,11.092775
45.917819,11.076406
45.919443,11.085327
45.917298,11.070050
45.928339,11.074610
45.911618,11.024560
45.911690,11.024396
45.915825,11.016559
45.915880,11.016803
45.908302,11.041664
45.880539,11.022248
45.874381,11.040911
45.843722,11.007151
45.843535,11.007471
45.845955,11.004526
45.847437,11.003378
45.860603,11.001714
45.860969,11.001673
45.905949,11.042877
45.921721,11.091309
45.922938,11.092225
45.928854,11.093011
45.928851,11.093153
45.928794,11.071877
45.883348,11.051600
45.883530,11.052029
45.883599,11.043713
45.883690,11.043651
45.884470,11.047001
45.884452,11.047161
45.884382,11.049309
45.884347,11.049429
45.899299,11.041955
45.872820,11.024167
46.048672,11.134149
45.880722,11.017851
45.859392,11.005003
45.854746,11.004438
45.854456,11.004106
45.867858,11.011826
45.872406,11.035284
45.875629,11.037818
45.879205,11.040859
45.879213,11.040681
45.883914,11.044826
45.883271,11.044239
45.899265,11.044679
45.885484,11.059421
45.882907,11.062550
45.882458,11.062553
45.883853,11.067449
45.883773,11.067597
45.884317,11.065743
45.910279,11.019418
46.067092,11.124949
45.883114,11.087310
45.855421,11.002179
45.884693,11.043501
45.893502,11.027541
45.887462,11.066109
45.887015,11.066337
45.868310,11.021991
45.913910,11.032613
45.914403,11.033162
45.926140,11.005759
45.934315,11.096017
45.934334,11.095870
45.936981,11.098860
45.941818,11.109937
45.945821,11.106088
45.936872,11.110211
45.884247,11.065179
45.864405,11.017806
46.055511,11.149102
45.915721,11.051424
45.888345,11.051602
46.087159,11.069039
46.086923,11.069368
46.116627,11.099962
45.889827,11.039443
46.069525,11.127855
45.883422,11.053319
45.881067,11.053138
45.879937,11.047141
45.881357,11.054807
45.883185,11.053713
45.880931,11.052683
45.879916,11.046859
45.881524,11.054598
45.880439,11.050882
45.864979,11.006182
45.864770,11.005451
46.069625,11.115641
46.065992,11.102655
46.070785,11.118461
46.084046,11.119732
46.091322,11.115664
46.138361,11.109139
46.193684,11.132524
46.240611,11.208106
46.271948,11.238975
46.315973,11.272452
46.291364,11.418721
46.282069,11.428969
46.281206,11.434741
46.287417,11.441664
46.291890,11.455508
46.290334,11.460692
46.292465,11.484695
46.292007,11.492392
46.288877,11.510913
46.287144,11.531920
46.285513,11.541747
46.286705,11.560498
46.288617,11.569941
46.306538,11.598956
46.309520,11.604929
46.317177,11.597112
46.328660,11.600173
46.337415,11.609737
46.347220,11.624669
46.355078,11.634437
46.369532,11.652359
46.373211,11.655352
46.374654,11.657920
46.381214,11.665691
46.392382,11.666700
46.396748,11.669557
46.421404,11.676292
46.421216,11.682022
46.427261,11.682917
46.435925,11.690519
46.441657,11.695427
46.457958,11.701369
46.462994,11.715177
46.469686,11.727819
46.476504,11.740797
46.479175,11.759202
46.477899,11.763966
46.476409,11.770873
46.474083,11.774376
46.471558,11.777820
46.466319,11.780898
46.461948,11.783003
46.459388,11.786093
46.457384,11.801813
46.458443,11.799745
46.457708,11.791880
46.462156,11.782952
46.471440,11.777940
46.474069,11.774728
46.478025,11.763972
46.479389,11.759638
46.469607,11.726995
46.427925,11.683281
46.293121,11.457264
46.289434,11.447907
46.272132,11.238775
46.240218,11.207190
46.136956,11.109568
46.072600,11.120056
46.082969,11.120310
46.118886,11.106155
46.128918,11.109495
46.143208,11.106619
46.143938,11.112489
46.141935,11.114444
46.143816,11.118841
46.150492,11.125740
46.154400,11.137231
46.157055,11.152529
46.154873,11.155408
46.160790,11.158790
46.165785,11.157341
46.162212,11.140586
46.161487,11.134622
46.158215,11.140403
46.155898,11.160681
46.160457,11.187635
46.164966,11.203565
46.174519,11.217348
46.174956,11.221714
46.177555,11.225071
46.180271,11.228397
46.180959,11.231881
46.181716,11.237795
46.183755,11.240754
46.197032,11.246634
46.207069,11.262068
46.206784,11.266464
46.229415,11.298255
46.261033,11.339913
46.262789,11.339456
46.262057,11.343992
46.266757,11.351746
46.266504,11.406487
46.272357,11.417227
46.272436,11.424112
46.274181,11.416707
46.278941,11.430137
46.281233,11.434752
46.272409,11.424124
46.221516,11.294054
46.181189,11.236672
46.178185,11.225990
46.175121,11.222045
46.159543,11.170891
46.157152,11.152810
46.143962,11.112745
46.125856,11.107861
46.108559,11.108767
46.102641,11.110469
46.250381,11.344532
46.250421,11.349659
46.247854,11.346661
46.251863,11.355635
46.256917,11.363017
46.241992,11.349809
46.238605,11.351281
46.234426,11.355133
46.230004,11.358752
46.064205,11.119435
46.057701,11.119291
46.058380,11.122963
46.066636,11.126202
46.217084,11.327086
46.218166,11.326641
46.217389,11.324145
46.215296,11.328103
46.207640,11.327808
46.214463,11.323294
46.214915,11.321421
46.223891,11.312418
46.164603,11.112269
46.174975,11.122031
46.173837,11.120538
46.166611,11.112923
46.289538,11.469412
46.285862,11.479729
46.283459,11.480809
46.283360,11.483310
46.283280,11.485357
46.284431,11.489109
46.290351,11.476383
46.292292,11.442660
46.292221,11.440488
46.291789,11.438794
46.290458,11.438774
46.287392,11.435856
46.287843,11.428652
46.288769,11.431450
46.289865,11.433202
46.068327,11.136287
46.073787,11.150439
46.081905,11.194970
46.086063,11.202932
46.084668,11.210388
46.085924,11.214313
46.091338,11.212180
46.103925,11.211299
46.116607,11.222363
46.128796,11.237227
46.130017,11.243841
46.135502,11.249837
46.141638,11.257922
46.146547,11.264079
46.149594,11.269501
46.155593,11.278561
46.155636,11.288077
46.159769,11.298666
46.160828,11.302262
46.164985,11.301342
46.170023,11.312441
46.172909,11.317053
46.175772,11.321442
46.182123,11.325860
46.186573,11.329595
46.194274,11.327788
46.199008,11.327741
46.206441,11.323666
46.164986,11.301527
46.155858,11.287334
46.149606,11.269113
46.081958,11.196441
46.073949,11.150317
46.069905,11.128513
46.060824,11.124153
46.083514,11.199034
46.090068,11.185168
46.091869,11.183174
46.077733,11.204086
46.090705,11.197409
46.093519,11.196416
46.094472,11.200444
46.090452,11.193247
46.093747,11.190641
46.101736,11.186340
46.106347,11.183849
46.106519,11.186159
46.103635,11.189195
46.102875,11.191745
46.101014,11.192553
46.111066,11.170991
46.113877,11.175541
46.091408,11.198343
46.111868,11.210363
46.119436,11.216130
46.118058,11.208113
46.120699,11.209196
46.128531,11.212040
46.120439,11.216456
46.143536,11.218874
46.143814,11.198966
46.144616,11.193779
46.146254,11.190465
46.148464,11.187406
46.144611,11.219172
46.149542,11.221571
46.156073,11.230504
46.160390,11.234805
46.162898,11.240964
46.170787,11.247119
46.180041,11.257966
46.187468,11.258374
46.191890,11.259595
46.196166,11.258614
46.207792,11.286819
46.217867,11.305176
46.221404,11.314764
46.231131,11.318876
46.246752,11.332537
46.260328,11.355420
46.260433,11.384836
46.263127,11.397791
46.266408,11.406559
46.262398,11.355420
46.191607,11.258893
46.150438,11.222695
46.143739,11.218683
46.061248,11.237033
46.063947,11.242777
46.065170,11.247430
46.067276,11.252921
46.070153,11.257161
46.075901,11.268702
46.076974,11.274491
46.080149,11.275946
46.084557,11.277669
46.086386,11.277786
46.088686,11.279793
46.090560,11.281513
46.095743,11.289216
46.098590,11.294205
46.102573,11.298243
46.107693,11.301880
46.111674,11.306197
46.113764,11.307889
46.114670,11.307600
46.117554,11.310066
46.119434,11.313238
46.121169,11.316456
46.130238,11.340914
46.129804,11.344495
46.129512,11.348876
46.129731,11.352867
46.107831,11.302005
46.374003,11.665009
46.367804,11.686058
46.368794,11.728398
46.374785,11.751966
46.378743,11.784393
46.378138,11.789632
46.378321,11.793369
46.379108,11.802051
46.378808,11.813507
46.376208,11.820593
46.355341,11.858411
46.354314,11.861698
46.355060,11.866761
46.358372,11.872868
46.076776,11.100106
46.070536,11.111496
46.080369,11.098522
46.088572,11.064986
46.091545,11.055126
46.081449,11.044965
46.077626,11.032474
46.078475,10.999800
46.071568,10.994704
46.060053,10.990529
46.062089,10.988852
46.058818,10.982886
46.058851,10.979182
46.056347,10.965437
46.046073,10.945217
46.044456,10.944797
46.041193,10.881910
46.035587,10.873617
46.036219,10.864709
46.050484,10.785337
46.040152,10.748601
46.049764,10.785625
46.051079,10.781306
46.050989,10.776581
46.046154,10.758110
46.044621,10.752413
46.038745,10.744295
46.033970,10.735274
46.034864,10.732481
46.033132,10.726114
46.040222,10.727473
46.056997,10.716268
46.062476,10.712201
46.068036,10.711738
46.070709,10.713789
46.075923,10.717568
46.078733,10.718957
46.082037,10.722143
46.087322,10.723226
46.088071,10.725461
46.098857,10.734738
46.101557,10.736556
46.118184,10.752834
46.120371,10.751922
46.128901,10.756508
46.131787,10.764304
46.145927,10.768305
46.153692,10.766169
46.157164,10.765988
46.163441,10.765458
46.169320,10.764149
46.188013,10.772362
46.185864,10.779174
46.188184,10.777525
46.190113,10.785440
46.191260,10.788625
46.193908,10.795957
46.195343,10.795758
46.197373,10.797107
46.200599,10.804013
46.208856,10.820246
46.214137,10.822365
46.220872,10.822457
46.224540,10.825264
46.226019,10.827868
46.230343,10.827885
46.234031,10.826079
46.234409,10.823829
46.231942,10.826145
46.235465,10.826428
46.236312,10.835363
46.242978,10.840032
46.243225,10.840253
46.236409,10.835464
46.065484,10.980462
46.208587,10.819861
46.200492,10.803664
46.189857,10.784564
46.188256,10.778149
46.185659,10.778454
46.169099,10.763891
46.163723,10.765273
46.153492,10.766254
46.110613,10.747633
46.106772,10.739864
46.102588,10.736821
46.098884,10.734790
46.082368,10.722321
46.078901,10.719153
46.075878,10.717528
46.068841,10.711465
46.056766,10.716638
46.040014,10.727518
46.097757,11.044740
46.098388,11.022717
46.096643,11.018074
46.098290,11.019005
46.106105,11.026542
46.108167,11.035614
46.109656,11.037895
46.109037,11.042854
46.112079,11.046119
46.088855,11.064513
46.076745,11.098135
46.069885,11.100439
46.069871,11.097749
46.064848,11.097290
46.071418,11.086984
46.063071,11.082260
46.059629,11.077756
46.056968,11.076349
46.034112,10.735532
46.044911,10.752913
46.050919,10.775286
46.050940,10.780061
46.041992,10.753635
46.042589,10.766915
46.050263,10.786769
46.036139,10.864628
46.041141,10.882865
46.061989,10.989465
46.080844,11.043572
46.034257,10.733257
46.046415,10.952067
46.046442,10.952107
46.051918,11.071938
46.051411,11.069391
46.049242,11.066660
46.045839,11.065184
46.044388,11.060838
46.021402,11.041172
46.039098,11.057695
46.046329,11.065049
46.066037,11.084466
46.034160,10.747301
46.032567,10.737551
46.058271,10.793851
46.046119,10.756556
46.050723,10.753627
46.058445,10.751304
46.065609,10.755140
46.034087,10.747095
46.157196,10.764400
46.078617,10.993865
46.084191,10.992669
46.089243,11.004842
46.068390,10.972999
46.064110,10.942541
46.068219,10.963864
46.089161,11.008008
46.068021,10.973815
46.084858,10.991606
46.052041,11.463335
46.056441,11.464242
46.055483,11.469823
46.053807,11.481145
46.052197,11.494280
46.051474,11.514737
46.051000,11.525010
46.052516,11.528682
46.048287,11.531302
46.046836,11.542288
46.044851,11.550784
46.041590,11.548690
46.036355,11.561032
46.033870,11.573069
46.028363,11.587738
46.015036,11.635237
46.015219,11.636698
46.007300,11.654865
46.004039,11.660404
46.001081,11.665287
45.993791,11.670273
45.991214,11.671734
45.977982,11.680805
45.965203,11.707060
46.044687,11.550965
46.076785,11.275863
46.076818,11.282744
46.078874,11.283443
46.084010,11.290375
46.085004,11.291541
46.010161,11.298858
46.008963,11.309513
46.004584,11.335619
46.008788,11.308239
46.159984,11.300172
46.156251,11.308984
46.154104,11.309902
46.051473,11.456467
46.041590,11.460248
46.040761,11.465108
46.040808,11.464163
46.060945,11.232468
46.058110,11.213982
46.064069,11.224112
46.069354,11.207320
45.997669,11.318198
45.995463,11.319324
45.993090,11.311893
45.991575,11.315123
46.125272,11.223917
46.206286,11.311970
46.170079,11.301642
46.069816,11.223412
46.065908,11.228116
46.052647,11.249267
46.016044,11.291759
46.008855,11.316263
46.016487,11.330915
46.019576,11.356679
46.022213,11.366074
46.027411,11.374066
46.029340,11.382792
46.030565,11.388362
46.034103,11.394317
46.044667,11.406879
46.049671,11.411174
46.049008,11.421467
46.051441,11.454415
46.065058,11.506674
46.062960,11.514492
46.057745,11.519774
46.061558,11.523764
46.069104,11.528309
46.071154,11.536719
46.075320,11.540816
46.084130,11.550569
46.080268,11.553834
46.081287,11.558990
46.079566,11.577673
46.076086,11.588456
46.070956,11.592248
46.068561,11.605522
46.066533,11.607625
46.063234,11.609771
46.057645,11.613706
46.067684,11.612774
46.070757,11.622036
46.068606,11.625943
46.064407,11.628872
46.064873,11.633294
46.056775,11.236747
46.038778,11.233503
46.026716,11.229254
46.016696,11.233983
46.006556,11.241153
45.994597,11.256980
45.993374,11.260641
45.994526,11.270753
45.998136,11.279595
46.006387,11.291849
46.006543,11.291893
45.993610,11.260696
45.995308,11.256569
46.004091,11.243365
46.027390,11.229319
46.038968,11.233977
46.053382,11.235382
46.039889,11.239810
46.012667,11.261720
46.004789,11.274534
46.005569,11.272279
46.014088,11.260421
46.061538,11.237586
46.086443,11.293810
46.089502,11.297433
46.092488,11.302722
46.094064,11.304207
46.096613,11.311683
46.100363,11.310541
46.111159,11.318516
46.064432,11.242028
46.067887,11.239690
46.072183,11.235642
46.074271,11.229227
46.076931,11.228473
46.079790,11.226832
46.081871,11.222569
46.083822,11.219086
46.085656,11.215136
46.262152,11.804287
46.258679,11.802423
46.254704,11.800066
46.227085,11.808750
46.189864,11.825319
46.187088,11.830580
46.179307,11.832565
46.177663,11.831366
46.174311,11.828603
46.171606,11.824472
46.160368,11.819909
46.156242,11.814595
46.154591,11.805976
46.151919,11.800797
46.151018,11.796068
46.145284,11.785768
46.131439,11.769023
46.106741,11.774054
46.092965,11.761661
46.084136,11.764421
46.066332,11.763506
46.060534,11.763205
46.036416,11.761574
46.029632,11.762566
46.021116,11.781461
46.016660,11.802563
46.008258,11.831188
46.019048,11.893374
46.021457,11.904487
46.021853,11.908009
46.012749,11.910851
46.012491,11.910304
46.003297,11.840661
46.008708,11.831534
46.060441,11.762556
46.066056,11.763738
46.145367,11.786083
46.145815,11.786131
46.150561,11.794517
46.154450,11.806214
46.156398,11.815198
46.186854,11.830376
46.254564,11.800643
46.258584,11.802600
46.154983,11.733015
46.159542,11.727580
46.162501,11.722351
46.153340,11.719645
46.149553,11.719951
46.141878,11.717190
46.141561,11.714637
46.067597,11.144135
45.997136,11.264702
46.005879,11.305009
46.015362,11.624995
46.055537,11.616157
45.965663,11.701313
46.051111,11.223539
46.062416,11.123713
46.056531,11.128456
46.052748,11.129803
46.045090,11.130933
46.036737,11.130338
46.017259,11.132495
46.005283,11.126502
45.989952,11.122780
45.980673,11.116452
45.945968,11.106163
45.942137,11.109389
45.936943,11.110420
45.934198,11.095733
45.928835,11.093172
45.922967,11.092189
45.917920,11.063780
45.908274,11.040552
45.900157,11.041998
45.892473,11.038426
45.890326,11.033849
45.884107,11.032630
45.874533,11.031686
45.872773,11.024339
45.868790,11.014188
45.861908,11.000683
45.860092,10.991291
45.855210,10.985631
45.851605,10.978781
45.853367,10.967981
45.855035,10.946812
45.855726,10.929794
45.874042,10.906461
45.878476,10.890669
45.870887,10.875764
45.875583,10.871503
45.880111,10.856036
45.883055,10.852641
45.888706,10.846075
45.892289,10.844892
45.895383,10.850061
45.896469,10.851309
45.899783,10.855660
45.902286,10.860011
45.904792,10.864220
45.906486,10.866327
45.912254,10.875211
45.916113,10.883001
45.919566,10.891333
45.916735,10.892204
45.910903,10.900309
45.912063,10.901986
45.914058,10.902196
45.921813,10.899108
45.924014,10.898306
45.924460,10.894775
45.921461,10.891616
45.906976,10.867143
45.904663,10.863891
45.902908,10.861114
45.899091,10.854464
45.897765,10.852435
45.894834,10.849462
45.887604,10.844054
45.878302,10.890542
45.855490,10.930108
45.851608,10.978989
45.855097,10.985453
45.858717,10.990649
45.872694,11.024273
45.874361,11.031758
45.883028,11.032565
45.890243,11.034030
45.900353,11.042123
45.908367,11.040784
45.917749,11.063577
45.934013,11.096002
45.941793,11.109991
45.946015,11.106023
46.005251,11.126637
46.037835,11.130486
46.059353,11.126297
46.068218,11.118796
46.181183,11.841123
46.184630,11.845447
46.189613,11.861092
46.185473,11.873973
46.192986,11.905223
46.207137,11.927153
46.205713,11.928996
46.203515,11.930098
46.195002,11.943357
46.314589,11.647139
46.312911,11.662986
46.311058,11.674500
46.306909,11.701286
46.309541,11.748096
46.300119,11.763517
46.295816,11.776544
46.296305,11.787139
46.297907,11.788999
46.289455,11.798580
46.266379,11.802413
46.264917,11.804217
46.264314,11.801833
46.306657,11.739067
46.194858,11.680894
46.197164,11.678894
46.198012,11.675734
46.149954,11.734824
46.151486,11.741642
46.156637,11.745893
46.157314,11.740539
46.162906,11.744184
46.162717,11.750159
46.164872,11.757456
46.157837,11.754333
46.150300,11.751120
46.147663,11.758202
46.147632,11.757656
46.154704,11.733040
46.197181,11.678532
46.294815,11.454263
46.300106,11.450123
46.300879,11.447872
46.302821,11.454024
46.303567,11.456161
46.305514,11.458118
46.069120,11.136319
46.077164,11.207011
46.074384,11.287907
46.069344,11.292393
46.067989,11.298912
46.069281,11.299101
46.071815,11.304078
46.071543,11.298769
46.072812,11.301187
46.074718,11.302164
46.080110,11.275681
46.058762,11.469263
46.070437,11.477965
46.070379,11.483099
46.072891,11.484734
46.073963,11.480759
46.075054,11.474240
46.072006,11.472214
46.077688,11.456859
46.074770,11.451065
46.073038,11.450420
46.072599,11.438554
46.066813,11.432584
46.063774,11.429672
46.061208,11.425914
46.059241,11.420822
46.056603,11.416641
46.067453,11.607539
46.348173,11.297324
46.033816,10.947743
46.017091,10.942043
46.009174,10.935767
46.002236,10.926660
45.998564,10.925295
45.993660,10.926532
45.986449,10.926882
45.982597,10.925059
45.962453,10.915978
45.961474,10.910726
45.958516,10.906523
45.951387,10.900851
45.946609,10.902954
45.931025,10.896185
46.049712,11.406684
45.923731,10.893138
46.300319,11.445211
46.298112,11.444162
46.292416,11.437238
46.281916,11.496317
46.281974,11.515006
46.283985,11.521973
46.285506,11.523799
46.023309,10.943759
46.130951,11.246447
46.126782,11.246524
46.125424,11.253586
46.112841,11.253843
46.109689,11.251616
46.287912,11.463237
46.083701,11.221506
46.082622,11.230442
46.084555,11.230766
46.084493,11.236938
46.098614,11.236071
46.106817,11.236568
46.111813,11.234198
46.121678,11.239945
46.124923,11.243146
46.103797,11.188919
46.106121,11.183918
46.024031,10.865607
46.021898,10.866744
46.013210,10.869079
46.011844,10.860407
46.007007,10.849006
46.001943,10.846004
46.001174,10.840937
45.992446,10.838008
45.988124,10.833076
45.965503,10.811513
45.935073,10.812050
45.930259,10.822412
45.927399,10.825673
45.921139,10.831297
45.918081,10.832840
45.915367,10.847093
45.914858,10.842365
45.913960,10.841415
45.912491,10.840954
46.105316,11.100608
46.058154,11.132919
46.058154,11.131198
46.065482,11.131826
46.067676,11.126902
46.064481,11.129758
46.057536,11.117437
45.907214,10.840333
45.904369,10.842057
45.901560,10.844310
45.897666,10.844129
45.892365,10.842948
45.911926,10.837202
45.915416,10.847131
45.965776,10.811609
45.992714,10.838523
46.001313,10.841014
46.004365,10.842042
46.002206,10.845756
46.007379,10.849193
46.013241,10.869090
46.021557,10.866822
46.023680,10.865724
46.032891,10.863776
46.030953,10.851467
46.031422,10.846947
46.029307,10.841954
46.024471,10.838769
46.023864,10.832003
46.019261,10.823814
46.017078,10.819855
46.014205,10.811819
46.018187,10.811832
46.022570,10.819804
46.026893,10.820735
46.028690,10.823714
46.028738,10.826650
46.026824,10.720090
46.018713,10.711183
46.015355,10.707604
46.009294,10.699435
46.006364,10.697937
46.000242,10.692876
45.996292,10.690680
45.990894,10.685662
45.983562,10.670695
45.979182,10.666827
45.969381,10.660893
45.962753,10.658039
45.944284,10.642772
45.939249,10.638650
45.954529,10.650079
45.935769,10.639060
45.931355,10.637450
45.924618,10.632708
45.915356,10.621384
45.911927,10.614400
45.910622,10.611835
45.904469,10.608408
45.891406,10.601560
45.889021,10.599610
45.884992,10.596494
45.880389,10.592588
45.874623,10.588411
45.848809,10.578087
45.850216,10.575210
45.852440,10.565998
45.849192,10.559670
45.841258,10.549742
45.834353,10.542857
45.829192,10.535456
45.825079,10.531114
45.820924,10.539249
45.817692,10.544283
45.810328,10.543379
45.808723,10.539588
46.029118,10.723754
46.026806,10.720064
46.009868,10.700202
46.000001,10.692832
45.996469,10.690919
45.984559,10.672081
45.978898,10.666773
45.969770,10.661090
45.963004,10.658392
45.955368,10.650607
45.944013,10.642640
45.935706,10.639071
45.931273,10.637534
45.891388,10.601534
45.888994,10.599609
45.885120,10.596701
45.880370,10.592622
45.848889,10.578160
45.842292,10.550493
45.834080,10.542728
45.829324,10.535700
45.821142,10.538882
46.028668,10.880072
46.034769,10.891022
46.028860,10.883158
46.028479,10.880067
46.012779,10.884054
46.046407,10.887193
46.047643,10.880493
46.048273,10.874201
46.049860,10.856623
46.051971,10.853879
46.053473,10.873476
46.054273,10.897553
46.057110,10.872923
46.053790,10.879404
46.055964,10.884041
46.066323,10.892204
46.064889,10.892129
46.073366,10.896859
46.076504,10.907305
46.076672,10.909368
46.096096,10.932585
46.107358,10.943027
46.142420,10.963759
46.140743,10.962853
46.141236,10.965607
46.134919,10.970224
46.095952,10.933324
46.076385,10.907682
46.064760,10.892034
46.055896,10.884206
46.054075,10.897270
46.053480,10.873597
46.052309,10.861002
46.051868,10.853805
46.048262,10.874064
45.916322,10.602714
45.944017,10.633506
45.949536,10.637414
45.947374,10.621184
46.060200,11.490312
46.069839,11.493617
46.069067,11.498190
46.067461,11.516074
46.070410,11.508857
46.067492,11.515873
46.081220,11.521945
45.894756,10.842615
45.864433,10.812754
45.851215,10.824947
45.865050,10.805388
45.866333,10.788169
45.870893,10.781512
45.871762,10.772216
45.873683,10.766712
45.881040,10.750447
45.889293,10.730664
45.893204,10.723837
45.894714,10.720104
45.900381,10.725642
45.905795,10.729220
45.912386,10.726404
45.913165,10.728461
45.906001,10.729023
45.900374,10.725557
45.893015,10.705842
45.893420,10.686731
45.892870,10.680696
45.891308,10.674937
45.889966,10.671907
45.875782,10.658552
45.864065,10.645069
45.846513,10.582364
45.882813,10.666215
45.889993,10.671907
45.880746,10.750805
45.873879,10.766535
45.871873,10.771779
45.871072,10.779830
45.864939,10.804951
46.060261,10.992518
46.045571,10.982813
46.041420,10.982354
46.033912,10.981413
46.024861,10.981219
46.023488,10.983349
46.007748,10.981171
46.003193,10.980432
45.997601,10.977441
45.993519,10.974624
45.985835,10.975991
45.984137,10.977893
45.978967,10.981220
45.978092,10.977703
45.973406,10.974385
45.965820,10.962328
45.971089,10.944498
45.972773,10.934374
45.967117,10.928191
45.919119,10.880279
45.918802,10.876025
45.918883,10.869412
45.919724,10.865352
45.918308,10.861655
45.913916,10.857782
45.905638,10.851485
45.918839,10.875975
46.010331,11.128951
46.009349,11.119329
46.012418,11.106722
46.007832,11.107920
46.002046,11.104938
45.991309,11.097816
45.982519,11.092483
45.976958,11.091825
46.051021,11.111590
46.043359,11.112299
46.037617,11.114124
46.014855,11.106841
45.973211,11.085161
45.975689,11.083537
45.975507,11.079658
45.979308,11.070638
45.978460,11.067762
45.977954,11.064839
45.978318,11.066142
45.981118,11.068558
45.984459,11.072224
45.983589,11.075235
45.990055,11.083483
46.001406,11.085872
46.004809,11.085840
46.012362,11.078792
46.013523,11.083563
46.016038,11.107805
46.037512,11.114096
46.047755,11.113459
46.074833,11.253093
46.082000,11.268852
46.079811,11.262169
46.067015,11.126396
46.062177,11.132905
46.047892,11.137543
46.035958,11.145676
46.026299,11.145982
46.016816,11.145076
46.007836,11.156884
46.006314,11.163593
46.006518,11.170408
46.005903,11.190843
46.003942,11.195919
46.000565,11.216062
46.001470,11.223215
45.999034,11.205424
45.992588,11.218985
45.990023,11.218973
45.984608,11.232636
45.979043,11.237369
45.969510,11.232842
45.967431,11.226834
45.963371,11.220885
45.952789,11.214272
45.949416,11.209041
45.934439,11.226634
45.931381,11.244896
45.929510,11.249886
45.928454,11.256435
45.930931,11.250611
45.933981,11.255937
45.937766,11.255226
45.941014,11.251668
45.947305,11.250762
45.949561,11.258659
45.950404,11.263150
45.942711,11.265038
45.940720,11.269666
45.936708,11.275436
45.940596,11.276807
45.941232,11.279663
45.954257,11.294440
45.960661,11.297383
45.924891,11.317933
45.921652,11.324253
45.929641,11.249472
45.931477,11.244823
46.060801,11.127564
45.972959,11.233215
46.039518,11.242431
46.033155,11.247724
46.031807,11.251223
46.029541,11.255653
46.023291,11.261980
46.017113,11.266271
46.012780,11.266696
45.891146,11.039910
45.886590,11.034169
45.886539,11.044667
45.887115,11.050652
45.885320,11.059868
45.882615,11.062600
45.877319,11.065784
45.875509,11.068767
45.874366,11.069823
45.868418,11.073189
45.866543,11.073862
45.862598,11.075467
45.861926,11.082476
45.857706,11.085127
45.857139,11.088107
45.861604,11.087086
45.863266,11.085270
45.857597,11.087987
45.857758,11.085257
45.854586,11.078518
45.852886,11.077952
45.851556,11.077387
45.846393,11.075715
45.835139,11.082507
45.866873,11.030681
45.864519,11.029207
45.854990,11.018110
45.836853,11.011000
45.809259,11.014916
45.785085,11.018484
45.762285,11.004922
45.742707,10.980734
45.740832,10.977281
45.735022,10.959229
45.740019,10.957604
45.736955,10.946500
45.735490,10.942934
45.732037,10.938470
45.731593,10.934435
45.730364,10.939478
45.711912,10.926737
45.704726,10.921750
45.700323,10.919016
45.698581,10.926962
45.699086,10.928925
45.704662,10.930990
45.712332,10.936854
45.887281,11.034552
45.933179,11.096306
45.927046,11.118484
45.916957,11.134879
45.916422,11.138921
45.918996,11.145347
45.912806,11.157002
45.918964,11.157834
45.918634,11.162222
45.917297,11.166765
45.918747,11.186274
45.920179,11.188639
45.919068,11.198434
45.919505,11.206093
45.925010,11.212057
45.925469,11.214887
45.923764,11.216204
45.929359,11.221272
45.929174,11.220992
45.918768,11.186158
45.920368,11.189059
45.933019,11.096720
45.914606,11.033873
45.916303,11.034064
45.922241,11.033966
45.926259,11.042605
45.926405,11.045615
45.925420,11.053260
45.928721,11.072323
45.927985,11.076155
45.890920,11.047005
45.887004,11.063812
45.884541,11.069559
45.882075,11.071791
45.884272,11.072990
45.877090,11.105903
45.878839,11.111133
45.876701,11.124251
45.877809,11.129783
45.878152,11.142222
45.878740,11.148788
45.878928,11.152416
45.877625,11.155665
45.877317,11.157882
45.874842,11.162644
45.867655,11.180365
45.867812,11.182548
45.866337,11.184371
45.864869,11.190060
45.880792,11.148055
45.880834,11.141527
45.883305,11.123673
45.884471,11.129213
45.883890,11.135235
45.890915,11.154072
45.896171,11.155748
45.906007,11.173589
45.913038,11.178088
45.891049,11.154039
45.847885,10.983642
45.823141,10.998179
45.819120,11.000156
45.817738,11.003965
45.813498,11.008311
45.809175,11.008767
45.806899,11.010719
45.797365,11.015412
45.772609,11.001559
45.770486,11.001247
45.767191,11.000764
45.757938,10.992038
45.746871,10.976755
45.810939,10.980437
45.807942,10.971566
45.808169,10.970922
45.778359,11.002675
45.885868,11.040363
45.883683,11.043476
45.884371,11.046558
45.883259,11.051312
45.880222,11.051101
45.873857,11.058117
45.855995,11.061134
45.842063,11.061812
45.822792,11.070762
45.815852,11.078229
45.790383,11.095312
45.787134,11.101382
45.779570,11.105236
45.776691,11.107624
45.769336,11.115939
45.764916,11.116504
45.759715,11.118827
45.883632,11.040799
45.850946,11.073051
45.844983,11.074256
45.818618,11.091659
45.816939,11.094622
45.809064,11.096515
45.796466,11.105436
45.790988,11.102064
45.794758,11.096737
45.791126,11.101786
45.794140,11.107317
45.789794,11.111886
45.787188,11.109190
45.782482,11.114263
45.782692,11.118682
45.781151,11.124399
45.776986,11.123302
45.773237,11.131268
45.771493,11.135679
45.762476,11.161870
45.760391,11.172669
45.860265,11.074844
45.765508,11.129886
45.758239,11.144360
45.760188,11.144107
45.891087,10.951842
45.888625,10.948741
45.886909,10.946662
45.881318,10.938412
45.877265,10.934161
45.865456,10.962700
45.866737,10.953611
45.868989,10.938219
45.855770,10.932164
45.847789,10.978015
45.845531,10.977544
45.837659,10.969125
45.837801,10.953532
45.819440,10.958237
45.817937,10.956112
45.816501,10.948274
45.814087,10.945968
45.801037,10.955919
45.796067,10.965987
45.795393,10.974289
45.821314,10.967065
45.822387,10.962756
45.808236,10.953404
45.816981,10.969311
45.818968,10.975174
45.820049,10.975655
45.820615,10.970804
45.808687,10.967860
46.296355,11.506062
46.305819,11.504988
46.310264,11.505074
46.315421,11.503413
46.307730,11.460137
46.089186,11.185616
45.890065,11.033659
46.092559,11.179566
45.945491,11.238625
46.032736,11.267294
46.071004,11.277772
46.057114,11.528163
46.058466,11.119270
45.989030,11.301001
45.991113,11.303016
45.991197,11.300217
46.311470,11.615521
46.165825,11.298951
46.166497,11.300800
46.168357,11.302237
46.251160,11.350430
45.989483,11.311520
46.162679,11.818537
46.172235,11.823741
46.168000,11.820299
46.156450,11.807987
46.177762,11.837163
46.174804,11.833422
46.175236,11.831617
46.179984,11.837951
46.017255,11.227013
46.031915,11.045708
45.891069,11.041276
45.890246,11.035597
45.890842,11.043033
46.174568,11.217545
46.113245,11.179416
45.921147,10.891383
45.912519,10.875504
46.124459,11.339734
45.926474,10.832019
45.964223,11.092597
46.222916,11.808835
46.063333,11.523678
46.067440,11.209973
46.072253,11.261136
46.079285,11.259876
46.296223,11.782408
46.042112,11.251018
46.051334,11.248911
45.913228,11.044675
46.088960,11.047688
46.042742,11.061772
46.099087,11.042564
46.107772,11.033516
46.183791,10.777007
46.018633,10.818609
46.016040,10.815917
46.035110,10.868135
45.977989,10.976708
45.969281,10.968598
46.078317,11.046923
45.951292,11.108365
45.909557,10.728931
45.895357,10.715058
45.892989,10.690920
45.830957,10.539451
46.054826,10.781590
45.946322,10.632473
45.953886,10.641928
46.141389,10.965587
45.879611,10.859099
45.884339,10.862801
45.888068,10.862062
45.886952,10.858210
45.887068,10.855456
45.893713,10.860859
45.898584,10.867403
45.900713,10.870375
45.904914,10.874925
45.908116,10.877805
45.909906,10.879503
45.912913,10.882712
45.916064,10.884856
45.908163,10.845083
45.908613,10.842274
45.884007,10.851075
45.888587,10.846175
46.034811,10.728764
45.870294,11.016687
45.766710,11.114411
45.878686,11.063386
45.896492,11.040687
46.043032,10.724962
45.908948,10.901506
45.916854,10.901286
46.012192,11.147856
45.997039,11.211763
45.989043,11.222359
45.805623,10.974985
45.805458,10.941042
45.809262,10.981073
45.808106,10.981856
45.860713,10.937412
45.867974,10.939727
46.101490,11.236265
46.197435,11.918313
46.026608,10.959251
45.965319,10.973622
45.938517,10.648236
45.917603,11.033513
45.925171,11.048059
45.762873,11.127614
45.764686,11.126436
46.284248,12.021344
45.973218,11.057989
45.978262,11.060241
45.980687,11.061054
45.981134,11.063692
45.907383,11.132643
46.181863,11.831854
46.158144,11.303494
46.066538,11.615642
46.017559,11.341849
46.057249,11.409701
46.066556,11.523254
46.075035,11.506866
46.056889,11.519595
46.217404,11.153411
46.075881,11.056030
46.075775,11.058709
46.071315,11.059208
46.069074,11.063408
46.289132,11.454838
46.360072,11.844299
46.277777,11.798406
46.062106,11.125369
46.076700,11.123223
46.124768,10.754291
46.161789,11.198439
46.198208,11.318204
46.353568,10.916865
46.358215,10.917237
46.360122,10.912466
46.366694,10.891517
46.370048,10.883505
46.373171,10.878309
46.378808,10.869665
46.390586,10.860429
46.394024,10.856873
46.398432,10.849463
46.401240,10.845317
46.406018,10.828573
46.406059,10.831614
46.406915,10.832112
46.408996,10.828337
46.410259,10.823660
46.410436,10.817919
46.409742,10.814025
46.409815,10.810178
46.409866,10.803284
46.410071,10.800285
46.407767,10.811438
46.407756,10.813272
46.407620,10.808739
46.407370,10.824474
46.350062,10.909675
46.335934,10.893306
46.333268,10.888506
46.332437,10.879967
46.327363,10.872176
46.325736,10.874813
46.320999,10.872238
46.317748,10.867682
46.305592,10.863346
46.304640,10.867093
46.297442,10.867492
46.260118,10.854862
46.07439,11.12080
46.364609,11.038663
46.350219,10.899069
46.312711,10.776897
46.311377,10.757834
46.315408,10.764912
46.316573,10.765807
46.321750,10.774400
46.326213,10.784864
46.328403,10.786377
46.344185,10.883605
46.340465,10.875564
46.327957,10.870296
46.323839,10.851495
46.322222,10.846842
46.321368,10.839837
46.320439,10.825419
46.317140,10.806690
46.315846,10.802010
46.316772,10.798611
46.309863,10.745642
46.307528,10.736464
46.311165,10.731621
46.299593,10.699089
46.297618,10.695769
46.296726,10.689145
46.294790,10.686164
46.283583,10.659509
46.280068,10.648355
46.263321,10.611651
46.261366,10.594410
46.260063,10.586561
46.258871,10.583569
46.314155,10.811592
46.298520,10.818789
46.300719,10.813810
46.302481,10.810259
46.303610,10.809153
46.304257,10.809213
46.332813,10.709894
46.335960,10.706466
46.343942,10.701441
46.351466,10.693236
46.356724,10.679113
46.355636,10.662975
46.363725,10.675415
46.213452,11.093443
46.214948,11.118695
46.207570,11.128292
46.222934,11.133542
46.229732,11.140831
46.246991,11.164688
46.248489,11.177240
46.206335,11.127415
46.196958,11.127338
46.199916,11.142321
46.195686,11.144587
46.197030,11.148027
46.193123,11.154744
46.191841,11.155681
46.192668,11.161231
46.138142,11.108822
46.151196,11.096590
46.147585,11.099445
46.216896,11.087200
46.218109,11.047995
46.227458,11.051655
46.225060,11.049374
46.204621,11.040809
46.184023,11.028968
46.183709,11.027375
46.190764,11.041592
46.185762,11.039476
46.184816,11.023580
46.185023,11.021294
46.163920,11.002762
46.171090,11.007803
46.166961,11.003857
46.151466,10.980892
46.144090,10.966110
46.142605,10.962445
46.074839,11.125033
46.182711,11.019719
46.179005,11.070116
46.183826,11.072533
46.177583,11.069132
46.175510,11.065073
46.175485,11.058938
46.175704,11.052306
46.169857,11.017019
46.168088,11.008341
46.164957,11.007217
46.350029,11.051765
46.342731,11.046707
46.335328,11.044682
46.331334,11.040788
46.332295,11.025508
46.325965,11.022364
46.314835,11.047438
46.303254,11.059854
46.364641,11.036415
46.341056,11.053745
46.09014,11.11306
46.108097,11.104558
46.118667,11.104856
46.125960,11.107593
46.166862,11.113223
46.19388,11.12790
46.21423,11.11880
46.213454,11.093294
46.238967,11.062266
46.241916,11.058485
46.263593,11.060205
46.294617,11.068172
46.304610,11.071497
46.3221,11.06767
46.337566,11.063165
46.3408,11.05388
46.364542,11.038895
46.36999,11.03374
46.393921,11.011321
46.388816,10.988814
46.382109,10.970715
46.375769,10.960513
46.371612,10.952043
46.366110,10.943240
46.35806,10.92568
46.353540,10.916942
46.34384,10.90721
46.33251,10.88946
46.328910,10.872232
46.32223,10.84767
46.31964,10.83612
46.360727,11.031517
46.356839,11.029223
46.351335,11.022417
46.349423,11.020085
46.348916,11.018220
46.31751,10.82643
46.31527,10.81219
46.432642,11.687083
46.393807,11.011668
46.399781,11.010735
46.396204,11.025740
46.398140,11.022169
46.405418,11.017741
46.409016,11.010463
46.415259,10.985103
46.412205,10.973595
46.410794,10.968255
46.409637,11.016806
46.444993,11.009923
46.441917,11.017475
46.440813,11.021925
46.439028,11.025890
46.437083,11.027969
46.445771,11.013295
46.448624,11.011240
46.449562,11.009059
46.450900,11.008221
46.454750,11.012450
46.239470,11.062324
46.243084,11.063909
46.248990,11.068939
46.257920,11.082715
46.265372,11.086167
46.263933,11.081178
46.261436,11.075689
46.254575,11.069653
46.275582,11.080015
46.276612,11.079293
46.145606,11.097286
46.154152,11.092792
46.156479,11.091745
46.159261,11.098110
46.166352,11.109802
46.171237,11.105359
46.177718,11.105564
46.182694,11.105639
46.195455,11.101801
46.209487,11.094155
46.241885,11.058665
46.266671,11.055952
46.394922,11.040170
46.390858,11.059223
46.396342,11.066059
46.399681,11.068547
46.416351,11.084548
46.419465,11.087258
46.421863,11.089961
46.426557,11.096350
46.430992,11.107223
46.454373,11.117516
46.439416,11.135808
46.437269,11.137786
46.436126,11.140681
46.274960,11.048179
46.285934,11.037961
46.299109,11.031190
46.309982,11.022795
46.321470,11.021827
46.352206,11.027089
46.346039,11.060428
46.337645,11.062917
46.348752,11.088969
46.341949,11.107755
46.336818,11.115841
46.478291,11.138235
46.237349,11.031290
46.239613,11.023899
46.247526,11.024542
46.258800,11.032814
46.258112,11.046466
46.268090,11.036287
46.159422,11.143570
46.365670,11.074273
46.378329,11.088787
46.380902,11.094416
46.377512,11.105840
46.381139,11.107306
46.393983,11.119956
46.402899,11.132187
46.409370,11.137490
46.418620,11.140698
46.432346,11.140639
46.434123,11.144997
46.428060,11.154396
46.424321,11.151776
46.419660,11.146720
46.417474,11.166256
46.419337,11.175865
46.416263,11.176873
46.414455,11.185064
46.418340,11.204664
46.416009,11.208159
46.374469,11.069688
46.375792,11.075892
46.389919,11.136609
46.395277,11.144171
46.369418,11.070060
46.399465,11.003162
46.397800,11.007481
46.405174,11.092372
46.416811,11.126723
46.366173,10.943217
46.375715,10.960524
46.382041,10.971017
46.388715,10.988650
46.294658,11.075055
46.297304,11.080508
46.286258,11.082410
46.289656,11.093724
46.307291,11.118663
46.320318,11.094056
46.321648,11.066397
46.258032,11.034519
46.150336,11.100145
46.294247,11.067977
46.197721,11.168364
46.454276,11.130506
46.458930,11.119578
46.113461,11.324593
46.116172,11.333322
45.754163,10.997392
45.819708,11.092332
45.797292,11.093556
46.288964,11.448017
46.292004,11.458578
46.000894,11.329780
46.263613,11.060231
46.250070,11.031818
45.913004,10.897338
46.367852,11.034999
46.394209,11.013361
46.356259,11.038093
46.358263,10.925114
46.042757,10.962265
46.417202,11.190257
45.865050,11.170175
46.308565,11.751183
45.798773,10.919616
45.783110,10.912169
45.909505,10.870503
45.909916,10.870985
45.970063,10.923463
46.028019,11.227058
46.022087,11.227065
46.043635,11.227039
46.044539,11.277071
46.110766,11.038259
45.981509,10.977915
46.219136,11.325826
46.182122,11.122684
46.050613,10.785158
46.131142,11.361705
46.032987,10.959916
46.030486,10.958820
45.943991,11.248563
46.130616,11.357967
46.208059,11.256599
46.219672,11.293096
46.261787,11.343111
46.299754,11.452598
46.161766,11.714310
46.168886,11.825254
46.252478,11.802392
46.065664,11.095495
45.913941,11.170211
45.919873,11.141608
45.920588,11.193240
45.865707,11.175619
46.180891,11.071658
46.145717,10.971196
46.224367,11.133563
46.217154,11.127366
46.351432,11.053898
46.347121,11.079379
46.363029,11.095308
46.330364,11.374273
46.311565,11.394020
46.240719,11.056909
46.193212,11.133220
46.050572,11.257424
46.042118,11.229602
46.095106,11.116921
46.118254,11.096919
46.194089,11.135444
46.172897,11.223458
46.130680,11.204216
46.310910,11.599020
46.423109,11.682661
45.856329,11.079678
46.053214,11.136442
46.182086,11.252866
45.870840,10.774516
45.904428,10.729468
45.888920,10.670416
45.922618,10.818157
45.924838,10.817236
45.922592,10.818092
45.925537,10.815170
46.035620,10.870542
46.000487,10.856972
46.036584,10.728160
46.120707,10.760843
45.883438,11.052388
45.883305,11.053762
45.910555,11.041964
45.879909,11.035312
46.480185,11.142110
45.894292,11.032808
45.888073,11.039361
45.896365,11.043286
45.892256,11.038973
45.882186,11.042934
45.836615,11.076857
45.887519,11.059261
45.881116,11.149756
45.852589,10.984853
46.322115,11.069508
45.819109,10.956539
46.044588,11.139609
46.180634,11.251654
46.128335,11.244239
46.069437,11.237763
46.068639,11.245424
46.035145,11.220262
46.088307,11.225966
46.009370,11.305503
46.037113,11.398467
46.020909,10.826261
46.152845,11.745976
46.179527,11.835660
46.352922,10.914909
46.190727,11.828292
46.213267,11.117117
46.206818,11.095894
46.214108,11.092489
46.216559,11.092362
46.208839,11.093689
46.247143,11.062585
46.250410,11.044558
46.270785,11.048638
46.344184,11.026766
45.756437,11.001202
45.881437,11.054570
45.884662,11.042891
45.884392,11.049382
46.313819,10.797371
46.371565,10.952171
46.344970,10.889468
46.404624,10.836070
46.407744,10.810045
46.151269,11.734022
46.294139,11.067207
46.304717,11.071514
45.885755,10.846558
46.075558,10.996341
45.759057,10.996513
45.734317,10.957314
46.150588,11.735762
46.149687,11.738813
46.027956,10.945693
45.790320,11.096300
46.289215,11.502906
46.091632,11.119298
46.288954,11.465621
46.070045,11.116683
46.025811,10.944803
46.073766,11.444568
46.076071,10.996890
46.260916,11.062920
46.072035,11.099473
45.965598,11.701749
45.793670,11.022814
45.890887,11.038602
45.923522,11.041614
45.910313,11.039879
46.369289,11.079676
46.399287,11.127024
46.401119,11.128721
46.116993,10.757671
46.412956,11.139657
45.912809,10.619455
46.163848,11.747301
46.048313,11.529300
46.185905,11.032963
46.257106,11.071562
46.426919,11.141869
46.283385,11.240012
46.052109,11.073303
46.158861,11.192014
46.044768,10.752263
45.719509,10.940406
46.246769,11.062364
46.239470,11.062362
45.863119,10.997312
46.080590,11.264625
45.805462,10.979111
45.890616,10.727428
46.214318,11.091540
45.918164,10.887945
45.916303,10.876895
45.917805,10.885160
45.903954,10.849881
45.916255,10.858904
45.919409,10.863098
46.093539,11.016990
46.012407,11.130568
46.013560,11.131504
45.918508,10.882411
46.024706,10.959946
46.021562,10.959047
46.017361,10.958937
46.012118,10.957099
45.994059,10.951554
45.990709,10.942695
46.003468,10.956083
46.007505,10.956884
45.790542,11.096463
45.890963,11.037817
45.877911,11.033332
45.879717,11.041039
45.888407,11.054878
45.881839,10.854328
46.092360,11.116454
46.091190,11.117910
45.888137,11.036760
45.893341,11.036164
46.256856,11.332910
46.294217,11.438876
45.918043,11.134534
45.918456,11.138418
45.810266,10.979268
45.848472,10.574439
46.148563,11.735015
46.063360,11.231388
46.021627,11.920064
46.105438,11.314606
46.062236,11.079694
46.268508,11.410247
46.193516,10.792873
45.864912,11.017706
45.871712,11.020613
46.059810,11.217256
45.863789,11.027037
46.099436,11.032602
45.925137,11.120464
46.345334,11.048564
46.340996,11.128373
46.308437,11.116045
46.426364,11.159405
46.361669,11.037271
46.358211,11.037125
46.352469,11.046660
45.917441,11.057459
45.863112,11.020759
46.390909,11.057644
46.250121,11.025891
46.301834,11.028059
45.847758,10.983715
46.192662,11.098790
46.173866,11.105303
46.173243,11.105461
45.885043,11.037665
46.418672,11.127114
46.411721,11.118516
46.430340,11.151857
46.431885,11.150121
46.287189,11.421064
46.320861,11.274668
45.919387,11.134856
45.881782,11.037840
45.870476,11.031082
45.866459,11.029938
45.864119,11.028967
45.847797,11.011652
45.843877,11.008605
45.841471,11.008232
45.825688,11.010956
45.809511,11.014713
45.800938,11.023579
45.796906,11.024864
45.781087,11.015930
45.777947,11.014511
45.773563,11.012584
45.769911,11.010405
45.758386,11.000886
45.756530,10.998930
46.339372,11.114523
46.093569,11.283177
46.202918,11.098520
46.200360,11.100587
46.166820,11.107211
46.079260,11.523472
46.167103,11.710155
46.186456,11.850412
46.068166,11.610185
46.204414,11.818547
46.129214,11.355266
46.193317,11.260220
45.913508,11.173611
46.044314,11.460639
46.061772,11.227006
46.349288,11.110746
46.345071,11.111494
46.414688,11.180441
46.047774,10.764534
45.865415,10.578113
46.423145,11.679969
46.419829,11.138403
46.039761,11.234173
46.007270,11.240536
46.036514,11.398673
45.917129,11.056339
46.051405,11.454426
45.991139,11.080773
46.296021,11.455940
46.050702,11.409642
46.157067,11.742961
46.429400,11.102788
46.021358,11.217837
45.911134,10.811283
45.996897,10.840787
45.987386,11.674140
46.049161,11.234423
46.049287,11.234428
46.072714,11.247788
45.941442,11.232604
46.301237,11.404072
45.909332,10.726551
45.806690,11.017468
46.303587,11.593642
46.195558,11.134840
46.439968,11.132872
46.340768,11.112971
46.349409,11.055871
46.008563,11.303584
45.978337,11.236205
46.033789,10.870138
46.031286,10.868637
46.027169,10.868018
46.005605,10.832086
46.051741,10.864960
46.260386,11.084700
45.872262,11.071665
46.285237,11.438522
46.418311,11.676947
45.865720,10.805986
46.252438,11.184670
46.160803,11.744054
46.248808,11.180110
46.438802,11.692741
45.913960,11.183378
46.046756,11.748691
46.057406,11.759861
46.064586,11.761671
46.052641,11.751259
46.042916,11.748391
46.035406,11.749641
46.034556,11.755321
46.031566,11.756641
46.156076,11.731748
46.070403,11.524310
46.102318,11.174819
46.024787,10.836441
45.975251,10.974969
46.441158,11.140422
45.895066,11.043407
46.448768,11.123872
46.405818,11.135391
46.341089,11.045511
46.054240,11.230620
45.928233,11.253485
46.010366,11.881119
46.355999,11.030947
46.359118,11.031140
46.067317,11.251306
46.065206,11.247419
46.063956,11.242351
46.053710,11.242957
46.023185,11.228453
46.030262,11.228350
46.027052,11.222160
46.026158,11.219088
46.018407,11.221478
46.029031,11.224062
46.021651,11.221750
46.033103,11.229407
46.025252,11.228626
46.085408,11.276139
46.047837,11.218768
45.806259,10.952151
46.064943,11.141679
46.331168,11.052569
45.935963,11.088317
46.376133,11.658577
46.011886,10.702447
46.178452,11.324666
46.307456,11.121384
46.066251,11.229915
45.911216,11.180988
46.169154,11.209925
46.432701,11.019009
45.921613,10.820781
46.393652,11.034126
46.299073,11.069600
46.044756,11.139690
46.064770,11.242578
46.066205,11.246528
46.191933,11.896861
46.351617,10.915120
45.891286,11.034323
46.322670,11.092418
45.755971,11.016397
45.747909,11.038053
45.738932,11.065749
45.742258,11.057554
45.758767,11.006905
46.327163,11.022798
46.334844,11.051888
45.886255,10.844525
45.890465,10.843014
45.918381,10.882459
45.881518,10.861895
45.884957,10.849147
45.911666,10.881381
45.885012,10.849033
45.881612,10.854462
45.911738,10.881409
45.890639,10.842853
45.886213,10.844356
45.899534,10.844359
45.708110,10.403516
45.738956,10.437543
45.734609,10.458099
45.766240,10.492104
45.740039,11.061804
45.757754,11.011794
46.098486,11.022229
46.221460,11.317781
46.061224,11.220028
46.060681,11.225682
46.351546,11.098083
46.084939,11.070058
46.392655,11.044131
46.272809,11.048208
45.960076,11.092721
45.787117,11.012143
45.916728,11.149958
45.891820,11.034136
46.290832,11.449060
45.714637,10.412930
45.724764,10.428774
45.731256,10.434312
45.751515,10.479574
45.788633,10.500408
45.799373,10.503631
45.808932,10.509783
45.819870,10.524535
45.825015,10.530160
46.055447,11.072394
45.813054,10.515905
46.315062,11.069839
45.896161,10.940914
46.417827,11.195583
46.247843,11.062196
45.964834,11.232628
45.974350,11.244435
46.048812,11.233387
46.048034,10.871479
46.322330,11.597912
46.407458,11.011754
46.341182,10.900305
46.119116,11.260806
46.120680,11.265439
46.320661,11.093017
46.391671,11.117453
46.259430,11.808832
45.997899,11.668582
46.223117,11.081667
45.891524,11.041678
45.913493,10.816376
46.387216,10.981980
45.881634,11.157096
46.134630,11.110901
46.384563,11.094848
46.210886,11.272480
46.456546,11.127469
46.457487,11.125253
46.272566,11.052235
45.999662,11.085768
46.319385,11.046685
46.054909,10.713245
46.102234,11.094461
46.087830,11.190620
45.922700,11.135809
46.248924,11.169539
45.877840,10.898898
46.149793,11.791693
46.160321,11.740895
45.997977,11.101563
45.854845,10.566903
46.072241,11.063013
46.070915,11.063184
46.069391,11.057334
46.103967,11.211665
45.936629,11.098121
46.097411,11.058247
46.095602,11.055256
46.360976,11.297562
46.080553,10.995849
46.189874,11.134127
46.063213,11.244429
46.063433,11.245601
45.743006,10.967607
45.742358,10.956580
45.930745,11.224036
45.738779,11.070718
46.152752,11.747616
46.081576,11.044892
46.073125,11.093579
45.878437,11.084034
46.001500,11.245598
46.018805,11.353077
46.205362,10.813260
46.192636,11.902743
46.365038,10.937469
46.270225,11.036677
46.051624,10.775140
46.418562,11.189171
46.353683,11.088052
46.347117,11.086840
45.939296,11.273852
46.177371,11.017827
46.452529,11.121792
46.194907,11.135489
46.347399,10.696840
46.067170,11.519093
46.217566,11.093386
45.738765,10.952482
45.940038,11.268658
46.193510,11.144248
46.149626,10.980086
46.013611,11.306300
46.197724,11.143660
46.250788,11.026344
46.441452,11.130891
46.403976,11.139552
46.307457,11.118916
46.281815,11.499285
45.972251,10.980800
45.967937,10.979949
45.966582,10.978171
45.964407,10.976932
45.966510,10.973483
46.349177,11.088842
46.091010,11.196994
46.474285,11.738380
46.074601,11.211551
46.040787,10.982034
46.077367,11.099792
46.052372,11.510935
45.911446,10.808676
46.140566,11.773656
46.322055,11.099929
46.156586,11.808305
45.965305,11.224658
45.993002,11.098521
46.069494,11.095252
46.006597,11.649483
45.813643,10.547147
46.160760,11.817183
46.157203,11.753757
45.999626,10.852372
45.934041,11.229044
46.021567,11.042522
46.086923,11.069368
46.072848,11.471348
46.400741,11.140284
45.880954,11.052889
46.409036,11.102603
45.812948,10.546639
46.068689,11.233672
46.442657,11.011787
46.141903,10.963974
46.328622,10.784462
46.273244,11.422097
45.896086,10.606683
45.982499,11.093579
45.977966,11.092905
45.888655,11.153269
45.753211,11.026404
45.774515,11.122089
46.052009,10.871109
46.321463,10.782423
45.891098,10.949606
46.175418,11.068633
45.864542,10.950121
46.133573,11.205898
45.920537,10.901734
45.909601,10.855214
45.919665,11.729849
45.899530,11.694247
45.859998,11.660863
45.839699,11.687865
45.813806,11.718914
45.766709,11.741650
46.163628,11.753067
45.872717,10.652963
46.097912,11.047916
46.121312,11.339035
46.064229,11.247702
46.319956,10.819227
46.313915,11.070562
46.151194,11.310710
45.892086,11.037432
46.316343,10.773087
46.003128,11.126824
46.000537,11.126173